,012300400
,060070009
,700068005
,007000201
,080020004
,000791000
,076080310
,028010007
,003200000

,210060083
,090840600
,003000700
,025900000
,300620000
,000481030
,009000000
,760008000
,000170308

,063070005
,000000006
,008030702
,002100690
,746500020
,030802007
,080000500
,001006008
,027300000

,000030080
,080460700
,041200603
,004700030
,000506070
,000008005
,003604850
,027100006
,465023007

,000000200
,308760014
,005010980
,180073006
,230000079
,076084000
,400097000
,900106008
,017030000

,000100945
,960040010
,500000007
,007000650
,651008724
,402065000
,740050006
,030204070
,120003490

,005236807
,230000500
,008000000
,000653008
,000070400
,076800231
,050004623
,003000004
,040328075

,087006023
,200705000
,634281700
,006000040
,800400230
,042060000
,008374000
,003020000
,020000050

,003002000
,240800710
,008003024
,000004132
,020100857
,100000046
,000046001
,802031400
,050087000

,008500400
,027000003
,030040800
,605020300
,700361540
,010800620
,000674030
,003015000
,040230000

